calibration_origin: [0.16530675798663647, 0.09929373032650049, 0.5020236794793165]
calibration_xaxis: [0.712, -0.133, 0.241]
calibration_yaxis: [0.735, 0.023, 0.157]
