calibration_origin: [0.7364065354350372, 0.22668556882924873, 1.3131163410221305]
calibration_xaxis: [0.7336568452727376, 0.08048960773790426, 1.317439593094345]
calibration_yaxis: [0.7349219244983276, 0.2250658816817887, 1.1458671971783718]
