calibration_origin: [0.7252465937700929, 0.17440819913936323, 0.3391872358681158]
calibration_xaxis: [0.7233200746731967, 0.03427845791491684, 0.3390733444458168]
calibration_yaxis: [0.7236839372542895, 0.174666959023559, 0.21978726676062638]
