calibration_origin: [0.6754890884931626, 0.21772791266987143, 0.3368066162320359]
calibration_xaxis: [0.672745755024525, 0.05645203467251873, 0.3368973248534885]
calibration_yaxis: [0.6744950379643897, 0.21882331608838557, 0.20181137889871387]
