calibration_origin: [0.16531110229037344, 0.09928979628511052, 0.5020106582375716]
calibration_xaxis: [0.16531570961959602, 0.09928781104937913, 0.5020129720417078]
calibration_yaxis: [0.16531709521940147, 0.09928778947821545, 0.502015786205301]
